163.15067 121.885124
163.43301 119.648544
164.64528 119.29055
164.82523 119.306305
164.96643 119.371025
165.43369 119.47849
166.60403 118.743286
168.31433 117.97557
171.5792 117.608
176.9496 117.54016
185.68489 118.18167
192.75081 117.50488
200.92065 115.6562
210.97246 116.402756
197.0 113.4
203.5 112.0
202.33333 118.44444
213.33333 120.333336
223.5 128.0
237.33333 130.33333
247.5 128.0
275.66666 129.4
277.5 129.5
291.0 127.666664
306.5 120.0
319.33334 110.666664
338.5 111.0
333.33334 108.666664
345.30768 109.0
344.2 110.6
352.5 110.5
360.0 110.5
366.5 118.5
368.6 119.4
367.0 117.5
366.77777 119.44444
378.8 118.933334
375.0 121.0
373.5 121.0
365.35294 118.588234
365.5 118.5
367.0 116.0
377.2857 111.21429
377.44116 109.82353
380.0 110.42857
375.5 110.666664
370.0 111.0
392.0 106.0
401.7143 109.14286
404.77777 108.77778
403.5 110.0
420.0 116.5
429.5263 133.78947
431.5 130.5
432.0 130.66667
427.66666 138.33333
432.0 148.5
440.0 166.0
431.0 170.0
440.0 191.0
440.25 192.5
441.2 193.0
434.0 196.5
430.66666 199.0
429.2 200.0
432.25 208.5
436.0 220.0
431.5 229.5
435.0 228.0
432.0 228.0
433.0 229.0
433.0 230.0
431.5 227.5
431.5 228.5
431.2 229.8
431.2 229.0
430.7143 228.0
430.66666 230.44444
430.06668 235.53334
428.0 235.0
428.0 234.0
427.0 235.95238
416.0 221.0
414.2 229.0
413.8 230.0
413.0 230.0
412.77777 230.0
412.33334 230.0
410.0 225.5
409.2 220.2
412.0 218.0
413.0 219.0
413.33334 220.66667
424.5 229.66667
425.5 228.0
432.0 226.0
434.0 219.5
435.5 218.0
443.66666 220.33333
443.0 228.0
445.0 228.0
450.0 230.0
452.0 244.0
452.5 251.0
451.75 269.0
452.375 269.875
455.0 269.5
443.0 263.0
447.0 259.0
446.0 236.0
449.0 230.0
452.0 202.0
453.0 190.0
450.0 171.0
453.5 161.0
452.0 151.0
455.0 139.0
451.5 146.5
451.0 148.0
443.7143 138.57143
440.0 128.0
430.0 118.6
421.0 111.0
407.0 110.0
362.0 106.0
377.5 107.0
340.0 106.0
310.0 116.0
327.92856 109.42857
330.0 98.0
307.0 111.0
283.0 106.0
270.0 106.0
265.25 110.75
196.77238 112.306526
179.4943 112.458405
178.70172 112.76724
176.6394 111.926544
177.42352 111.761345
178.36833 112.25089
177.3457 112.40978
177.5428 111.90582
179.39856 112.68043
179.05128 113.28571
178.6223 113.54856
178.70886 113.40144
178.79033 113.44444
178.77599 113.74373
178.6147 113.83871
178.70992 113.6991
178.92844 113.60465
179.06487 113.434235
179.27768 112.55535
178.98224 112.330376
176.40033 112.07873
174.61922 111.806175
175.14716 112.19681
174.47812 111.64646
174.56667 111.16167
173.96759 111.11183
174.0176 111.0656
173.81964 111.14976
173.80162 111.19032
173.72276 111.222755
173.29985 111.0628
173.69342 111.21669
173.86246 111.247574
173.44127 111.19841
173.49841 111.13376
173.57257 111.12281
173.79645 111.12924
176.44327 111.164894
177.16164 111.27886
176.64062 111.83854
177.12477 111.91501
176.28673 112.06902
175.01692 112.25888