163.20334 121.598885
163.46269 118.731346
164.49606 118.779526
164.76842 118.88684
164.89003 119.06905
165.27339 119.12069
166.39813 118.58314
168.51869 117.82009
172.74515 117.35922
178.65501 117.20513
185.67801 118.44898
192.09706 117.42212
199.88487 115.64334
210.64954 116.142525
224.52414 120.30345
240.2069 122.889656
254.20631 126.602104
269.9626 127.4054
286.36325 129.60751
301.33963 128.01468
314.6996 125.47531
335.21097 121.578094
341.02042 118.328575
359.13437 114.78854
372.94873 114.22222
378.2478 113.97149
392.60626 118.69798
394.05475 118.00476
393.8063 117.716705
394.88388 118.04028
403.45996 120.86957
414.46262 122.73131
422.83487 125.86512
425.86542 127.285385
425.135 125.3475
423.6247 122.581116
425.6 120.519104
426.60614 119.98468
425.12964 120.49074
423.4717 120.82783
422.7852 121.720985
421.25684 123.14754
420.8232 125.12401
422.89368 128.2076
422.9644 127.778625
424.52722 129.25494
426.98346 131.05437
431.81052 136.58447
433.5881 141.39761
433.24286 145.00714
436.92075 158.58974
438.2063 165.91505
437.13986 170.58041
439.2478 175.34735
441.13928 183.30138
438.2172 193.37231
436.12302 205.84738
434.9462 218.83856
432.04037 228.86223
431.74222 238.29556
432.5837 240.31938
432.85614 240.4014
433.45517 245.41609
432.2038 246.51422
432.9778 253.18848
438.40875 263.4063
440.06296 275.1719
437.85748 278.2457
438.82205 276.6867
438.61026 275.7641
438.55527 275.56534
438.43182 275.08334
438.6148 275.76544
439.09155 276.28433
439.34918 277.0285
439.05707 276.28287
438.69415 273.84042
438.14133 273.192
438.40958 274.30585
439.1713 274.69772
439.6971 274.90625
440.6368 274.3632
441.55072 274.21982
443.61496 273.3684
443.72208 272.851
443.52234 272.8827
443.447 273.1404
442.56268 273.22284
439.97928 271.9083
438.49466 270.83154
437.78107 272.22974
437.29398 272.85565
436.4357 274.10236
435.42175 273.4987
436.47607 273.81915
437.55923 271.46005
436.73563 268.3046
436.21848 267.19327
434.12958 266.2535
432.64053 265.92163
432.352 264.94135
432.11234 262.7233
431.0943 259.42432
424.0 259.0
430.72366 244.33255
433.20334 235.00479
434.40338 224.08937
434.03873 212.92484
436.4808 202.78104
434.04147 190.85365
431.04477 177.57712
423.93872 153.3799
422.46637 145.51508
416.23172 134.32683
407.39243 125.567375
401.83173 120.04808
401.20053 118.833336
403.63434 122.7313
401.89975 123.822624
394.20096 121.31579
382.8437 116.43218
369.2206 115.10312
360.66666 111.193474
338.94446 110.01852
344.0 116.0
312.25595 108.689804
298.10654 109.652176
284.21594 107.06918
273.03275 109.73363
259.43106 108.56236
240.89693 109.38816
226.77872 110.55106
215.25108 109.55844
206.26973 110.572365
195.4207 112.27974
178.89415 112.37613
179.19026 112.79118
177.22418 111.91868
177.6861 111.79597
178.8744 112.20616
176.59598 112.41518
177.38776 111.82086
179.36543 112.34321
178.99518 112.99759
178.64133 113.2304
178.76904 113.09762
179.16422 113.06863
178.66902 113.488266
178.97081 113.44526
179.06847 113.35208
179.02913 113.3034
179.24324 113.13022
179.65926 112.3605
179.32465 112.21564
176.56763 112.02661
174.80138 111.68037
175.34123 112.15877
174.59283 111.630875
174.24277 111.20045
173.61456 111.07709
173.44968 111.12848
173.48187 111.14286
173.50217 111.21429
173.3782 111.18376
172.8103 111.03093
173.37982 111.1867
173.52597 111.22944
173.21443 111.184715
173.18143 111.09916
173.1962 111.09071
173.40517 111.155174
176.10527 111.10766
176.62318 111.13768
176.25237 111.712265
176.66093 111.78624
175.7619 112.02143
174.62038 112.32407