420.67038 354.24023
417.40283 351.7493
417.10513 349.03503
413.0525 344.2825
406.56158 339.27585
395.97784 328.41873
395.0 321.0
359.30643 297.5938
328.45673 273.19952
317.3566 264.9626
307.31915 258.30496
286.31696 247.1808
267.90973 239.1164
239.10384 230.26411
216.77565 222.05728
220.0 217.0
183.90546 214.86975
176.40128 210.82166
177.15402 213.32874
178.85185 215.40988
175.38127 219.14383
169.58673 226.22484
166.73515 230.4452
165.60341 231.67883
162.2122 231.36627
157.12112 230.0
154.07986 226.49652
153.8987 223.30719
152.20915 220.81699
151.58446 219.19933
152.44368 219.74062
155.06885 221.33443
165.80966 222.46022
174.57623 222.31007
178.76166 223.5829
178.8093 224.82092
178.15332 225.64531
178.27739 225.72728
178.26913 225.79118
176.81015 226.25386
173.24184 228.66884
173.11716 229.98117
172.71399 230.53601
172.93404 230.50851
173.53261 230.31522
173.65617 229.99776
173.4199 229.38528
172.49786 228.42094
172.37607 228.22864
172.46895 228.2484
172.52463 228.28479
172.4721 228.25966
172.46881 228.27742
172.5162 228.26782
172.57173 228.21739
172.66812 228.21616
173.7619 228.66212
172.46297 230.03087
170.64812 231.47714
167.11159 235.51501
166.91158 239.73053
165.57773 242.14285
164.31 249.974
162.76923 258.9709
163.82452 268.08667
161.83223 280.04636
162.85301 291.8463
162.22339 304.31107
161.2031 316.40396
163.45227 329.45908
162.37799 347.3469
165.29749 363.37756
164.52301 367.8703
165.0776 366.65854
165.38876 363.53397
166.2973 364.74548
167.4207 366.05066
167.54704 366.035
167.21507 365.49445
167.16447 365.6184
166.67308 366.98932